18.6011
18.6113
19.5227
18.6247
18.6194
19.5502
17.6088
19.2840
19.5653
19.5854
19.2713
19.2841
19.0065
19.2215
19.2843
19.0331
19.2532
19.0427
19.3359
19.0525
18.9710
17.7950
19.0518
18.9797
18.9826
18.8974
17.6647
17.7217
17.6640
19.5071
19.4220
19.2825
19.5080
19.5279
19.3003
19.4442
19.2185
19.1974
19.2192
19.0257
19.3943
19.0262
18.9992
19.3672
18.9634
19.3317
19.3581
19.3322
19.8015
19.7703
18.9416
19.8023
19.7794
18.9161
19.7012
18.8814
17.7935
17.5212
17.5914
17.7973
17.5758
18.8780
17.6280
17.5726
17.6278
19.2990
19.3576
19.0744
19.2988
19.2727
19.0476
19.3320
19.1076
19.1326
19.1072
17.6482
17.7420
17.7170
17.6493
17.6740
17.7438
17.7688
